# Veri-Yap-lar-ve-Algoritmalar
Projeler

[22,27,16,2,18,6] -> Insertion Sort

1)Steps
(22, 27, 16, 2, 18, 6) (22, 16, 27, 2, 18, 6) (16, 22, 27, 2, 18, 6) (16, 22, 2, 27, 18, 6) (16, 2, 22, 27, 18, 6) (2, 16, 22, 27, 18, 6) (2, 16, 22, 18, 27, 6) (2, 16, 18, 22, 27, 6) (2, 16, 18, 22, 27, 6) (2, 16, 18, 22, 27, 6) (2, 16, 18, 22, 6, 27) (2, 16, 18, 6, 22, 27) (2, 16, 6, 18, 22, 27) (2, 6, 16, 18, 22, 27) (2, 6, 16, 18, 22, 27)

2)O(n^2)

3)Best Case = O(n)

Average Case = n²

Worst Case = n²

4)Average Case

5) 1- [3,7,5,8,2,9,4,15,6] 2- [3,5,7,8,2,9,4,15,6] 3- [2,3,5,7,8,9,4,15,6] 4- [2,3,4,5,7,8,9,15,6]

www.patika.dev 
